858
17
126
669
684
791
903
233
568
274
866
326
76
477
8
147
928
633
318
966
783
632
442
586
282
724
366
888
41
184
933
192
556
588
785
646
456
577
545
564
878
928
143
27
152
679
499
707
751
646
955
504
852
621
584
683
349
555
323
135
640
845
208
125
880
186
647
230
129
938
314
522
398
658
255
377
33
483
347
872
46
522
710
337
876
599
905
323
910
893
495
499
659
569
896
754
554
609
95
116
984
81
315
304
489
980
771
94
966
158
333
768
43
452
916
893
930
400
240
907
518
976
437
322
906
619
880
597
670
328
408
315
999
446
537
102
793
334
722
894
135
882
360
2
805
504
961
801
607
128
879
863
586
494
30
554
602
233
463
509
460
660
527
261
959
26
41
561
975
381
587
181
781
664
920
255
606
405
924
479
326
804
303
775
242
334
425
437
288
32
576
396
591
619
573
265
287
560
756
548
976
947
479
365
909
129
985
849
541
491
854
890
288
233
486
624
885
306
938
347
788
682
175
977
29
721
179
575
280
475
187
790
933
918
259
621
682
492
444
997
243
775
329
517
134
938
826
180
220
828
187
900
538
922
908
460
753
394
12
751
75
914
238
853
526
769
371
846
455
300
883
449
405
140
471
29
600
757
486
14
5
215
900
943
793
773
368
962
207
486
271
781
324
620
571
968
821
590
806
797
739
584
927
99
532
836
439
365
699
494
214
588
240
630
989
212
547
44
184
571
129
993
533
369
22
156
17
294
890
136
140
548
367
853
944
691
589
201
930
500
247
485
800
136
983
809
90
430
355
83
91
961
676
213
551
836
236
245
771
864
175
314
316
256
106
655
150
923
792
277
354
529
981
138
783
63
184
946
156
882
444
70
552
969
965
455
500
962
464
106
907
402
542
291
543
845
722
486
996
6
869
203
767
552
55
924
137
535
172
742
767
736
683
740
16
324
467
211
423
565
802
488
465
449
791
659
71
567
903
140
231
912
752
965
255
499
239
902
744
998
337
534
80
987
333
525
159
89
399
712
66
986
274
306
242
103
532
359
141
257
289
712
77
874
885
30
304
933
998
572
504
55
990
322
185
830
727
326
130
346
567
91
974
869
183
964
797
408
101
623
390
166
598
538
470
790
764
842
120
313
566
143
412
223
92
517
454
957
245
456
218
639
410
916
755
512
242
146
831
624
522
866
930
103
912
862
892
708
270
360
171
697
681
399
420
407
346
581
92
729
288
132
215
269
29
900
26
719
798
573
782
800
629
401
466
594
932
167
736
959
852
335
505
677
823
313
360
41
139
108
653
455
818
25
230
835
252
233
278
872
904
630
649
402
802
102
794
620
457
344
995
206
388
477
795
454
403
606
824
299
390
453
228
734
145
620
501
538
665
313
206
317
842
886
85
541
372
890
234
284
945
304
654
941
120
54
991
269
325
87
121
808
662
304
311
179
780
743
817
271
867
615
634
366
647
256
32
645
268
248
7
997
941
621
200
113
915
795
242
946
130
809
86
382
550
3
271
963
195
457
159
971
822
931
593
868
990
703
980
473
45
85
442
464
594
157
918
257
138
369
870
236
615
214
894
438
436
11
303
489
638
361
199
400
272
609
341
964
266
168
528
73
914
201
600
222
873
355
998
222
637
78
285
503
277
387
674
542
297
997
732
209
901
248
234
385
990
34
203
597
351
473
925
531
515
103
111
976
790
296
435
426
55
968
281
14
329
258
151
419
891
430
285
992
844
839
704
359
770
648
234
362
117
431
299
920
954
364
274
947
443
608
713
141
733
774
978
230
381
680
304
288
681
902
485
749
548
802
38
214
469
110
898
885
496
852
419
374
608
543
960
983
152
177
596
350
628
561
894
225
746
185
333
424
127
537
883
247
361
315
92
215
775
826
114
27
508
653
967
793
492
513
708
532
180
607
656
689
975
770
529
804
309
991
328
496
197
60
825
439
887
464
586
545
915
8
930
614
840
154
186
490
759
131
720
713
785
106
840
792
659
106
380
99
688
167
228
897
127
98
667
560
503
644
469
269
917
156
159
465
305
456
92
190
25
892
372
648
973
758
222
922
227
907
790
438
160
556
759
114
220
557
829
672
777
420
194
621
86
834
198
993
304
27
491
699
465
759
338
152
477
256
289
195
689
916
100
105
328
148
917
950
792
1000
348
766
1000
359
787
493
601
815
474
621
182
695
65
675
738
388
619
148
128
882
245
249
46
225
794
971
331
549
254
871
243
255
648
873
848
175
285
308
549
966
855
5
318
277
748
378
