658
7
832
14
408
202
627
103
305
943
601
514
909
41
500
711
474
472
42
783
786
857
573
273
195
797
414
335
878
865
535
565
839
824
955
312
888
31
158
697
8
681
242
720
266
678
761
958
779
944
200
808
12
533
613
841
631
354
286
341
63
676
696
875
975
257
425
686
176
87
569
697
366
379
332
835
450
139
823
846
958
726
236
523
98
977
363
264
681
127
612
481
200
712
706
770
577
613
319
435
963
201
743
705
649
97
762
876
346
827
680
94
987
883
60
928
60
307
248
809
121
115
119
420
189
387
525
558
934
987
714
205
694
907
632
365
585
150
647
640
30
471
239
979
336
314
329
700
536
273
133
603
667
624
434
789
211
290
896
646
234
765
241
44
944
268
101
324
672
776
335
295
974
782
359
748
109
752
256
679
115
678
580
575
713
980
328
977
227
340
829
412
15
277
758
290
731
132
224
632
955
349
840
970
20
344
872
978
195
293
372
645
963
461
982
496
464
776
305
82
915
312
613
420
643
769
776
328
829
158
757
405
719
425
333
882
405
828
451
303
855
407
476
365
563
981
694
581
879
835
435
992
895
597
386
278
536
963
613
394
493
25
28
149
85
98
69
581
610
536
891
675
993
523
963
86
666
634
282
875
522
188
97
478
804
440
656
12
794
616
853
257
262
760
308
974
845
679
444
371
805
52
294
140
978
630
957
841
374
248
926
764
788
586
629
805
999
849
649
441
190
586
401
21
805
992
944
758
986
223
221
417
783
634
321
154
190
745
181
104
161
579
834
606
590
539
674
187
243
369
391
229
250
775
511
271
440
667
360
956
360
521
968
663
149
288
777
85
189
243
155
310
221
783
865
762
509
904
947
618
136
256
931
465
968
880
251
646
829
183
326
553
27
29
466
964
797
545
683
364
135
339
763
199
344
451
329
377
344
997
279
294
425
450
208
356
730
812
997
132
680
956
147
869
752
640
505
526
880
57
683
436
856
49
636
799
253
366
228
264
993
145
2
186
194
632
180
179
91
522
464
755
950
603
799
461
302
414
563
601
80
781
210
646
975
272
130
119
757
205
709
971
313
566
932
546
778
303
100
376
564
45
69
876
837
724
542
469
272
147
190
698
424
170
240
29
73
521
368
291
600
62
807
460
272
822
663
747
309
495
571
1000
623
460
510
969
964
121
971
534
545
328
640
745
89
396
984
118
947
100
696
728
652
198
291
997
277
435
892
615
186
124
107
186
540
560
612
81
458
454
56
418
535
317
848
944
237
752
394
397
625
630
48
639
843
346
487
485
526
569
581
80
545
837
223
632
308
158
205
797
418
337
256
247
434
133
45
817
76
218
66
348
542
329
517
552
363
248
289
970
340
134
530
47
377
605
558
500
860
410
586
60
63
495
353
534
42
408
113
478
137
284
512
499
988
323
495
938
356
255
845
10
273
874
655
904
143
819
179
72
473
939
833
106
609
468
665
445
789
611
250
850
879
709
342
245
537
281
954
253
414
296
51
770
461
649
274
573
689
343
815
953
486
926
357
657
623
591
461
182
855
988
93
37
224
186
196
207
943
529
384
699
107
936
380
486
497
895
477
36
688
824
765
841
776
407
941
582
335
923
493
283
431
312
611
743
451
562
328
782
440
488
504
960
398
729
778
778
639
162
455
764
734
59
993
312
410
278
305
71
336
501
3
39
599
905
835
853
67
622
923
771
924
960
484
221
823
111
277
34
946
941
80
494
33
952
1
853
347
726
195
796
643
321
752
202
108
721
906
190
500
457
476
599
376
813
977
412
473
306
747
343
701
333
481
453
141
33
519
77
897
1
546
785
965
999
205
473
214
701
133
285
684
581
1000
733
83
911
219
444
919
627
380
952
460
522
23
916
414
654
496
954
837
240
901
958
504
245
438
34
548
796
213
689
466
883
781
100
151
980
958
709
495
648
10
246
759
481
279
762
773
756
962
999
225
153
563
728
540
253
783
316
664
672
290
592
202
862
888
415
274
733
372
528
420
714
107
51
54
203
83
620
694
206
232
77
86
200
235
962
365
920
983
742
825
968
149
98
997
189
815
931
418
786
337
95
744
640
893
953
568
225
556
164
108
202
136
93
366
294
244
422
432
968
242
380
395
628
630
659
960
355
541
450
73
70
298
777
572
711
31
904
320
110
372
672
954
184
922
390
580
105
449
405
872
43
434
237
462
662
793
540
761
945
626
494
1000
868
983
481
749
804
478
146
403
80
775
456
162
497
453
435
318
478
197
655
144
853
208
109
